7.596226801213465558e-03 nan nan nan nan nan
1.659868253045715392e-02 8.107522560000000000e+08 -1.888970880000000000e+09 1.835891840000000000e+09 -1.034834816000000000e+09 2.879778880000000000e+08
2.586445535064502838e-02 2.820418560000000000e+08 -6.565296000000000000e+08 6.410973440000000000e+08 -3.664935040000000000e+08 1.080132800000000000e+08
3.529679113105960164e-02 1.952910080000000000e+08 -4.536140800000000000e+08 4.403012800000000000e+08 -2.501937120000000000e+08 7.207476800000000000e+07
4.513097325575825269e-02 1.751324800000000000e+08 -4.055982400000000000e+08 3.921035520000000000e+08 -2.209714880000000000e+08 6.378886800000000000e+07
5.555287376500484681e-02 1.486460800000000000e+08 -3.440353600000000000e+08 3.315446720000000000e+08 -1.862794400000000000e+08 5.303448800000000000e+07
6.539609960466623295e-02 1.393798080000000000e+08 -3.221291520000000000e+08 3.096962880000000000e+08 -1.731524480000000000e+08 4.903638400000000000e+07
7.523296917119864924e-02 1.352788800000000000e+08 -3.125607680000000000e+08 3.003419520000000000e+08 -1.678225600000000000e+08 4.750900000000000000e+07
8.527687392779625952e-02 1.119241680000000000e+08 -2.585626560000000000e+08 2.482922720000000000e+08 -1.386034560000000000e+08 3.905301200000000000e+07
9.513029164678916960e-02 1.017645440000000000e+08 -2.348739840000000000e+08 2.252102080000000000e+08 -1.253657520000000000e+08 3.534864800000000000e+07
1.052419212149728195e-01 8.117900000000000000e+07 -1.873809120000000000e+08 1.796047680000000000e+08 -9.996317600000000000e+07 2.803951200000000000e+07
1.151206348008374791e-01 7.882056000000000000e+07 -1.818279680000000000e+08 1.741731200000000000e+08 -9.677378400000000000e+07 2.715983600000000000e+07
1.250947655921243185e-01 6.927261600000000000e+07 -1.598557120000000000e+08 1.531542880000000000e+08 -8.515916800000000000e+07 2.387021200000000000e+07
1.351558694514480297e-01 6.543124400000000000e+07 -1.509479360000000000e+08 1.445358560000000000e+08 -8.028710400000000000e+07 2.247827400000000000e+07
1.451183503331893165e-01 5.953679200000000000e+07 -1.373057760000000000e+08 1.314257600000000000e+08 -7.294820000000000000e+07 2.043718000000000000e+07
1.550676859827954668e-01 5.116336400000000000e+07 -1.179911760000000000e+08 1.128999120000000000e+08 -6.264864400000000000e+07 1.749626000000000000e+07
1.650358671301104252e-01 4.443771600000000000e+07 -1.025248560000000000e+08 9.821408000000000000e+07 -5.457670000000000000e+07 1.531173700000000000e+07
1.750550386343222298e-01 4.073161600000000000e+07 -9.392019200000000000e+07 8.983316800000000000e+07 -4.982270000000000000e+07 1.390665100000000000e+07
1.850940391027394993e-01 3.877965200000000000e+07 -8.943668800000000000e+07 8.559628000000000000e+07 -4.750227600000000000e+07 1.328943300000000000e+07
1.950992635784380702e-01 3.491340800000000000e+07 -8.050408800000000000e+07 7.701849600000000000e+07 -4.272332400000000000e+07 1.194516600000000000e+07
2.050639226082118238e-01 3.291888000000000000e+07 -7.592114400000000000e+07 7.265196800000000000e+07 -4.031083200000000000e+07 1.125650300000000000e+07
2.150232007997887052e-01 2.987510000000000000e+07 -6.888432000000000000e+07 6.590650800000000000e+07 -3.655166000000000000e+07 1.022730300000000000e+07
2.250205723012609627e-01 2.737731600000000000e+07 -6.311505600000000000e+07 6.034465600000000000e+07 -3.344149600000000000e+07 9.321257000000000000e+06
2.351001704350387245e-01 2.474859400000000000e+07 -5.707320800000000000e+07 5.461373600000000000e+07 -3.029834800000000000e+07 8.469777000000000000e+06
2.450738893128198981e-01 2.365928400000000000e+07 -5.454263600000000000e+07 5.215654800000000000e+07 -2.890706400000000000e+07 8.066749000000000000e+06
2.550521915705782905e-01 2.155707200000000000e+07 -4.971640400000000000e+07 4.757584400000000000e+07 -2.639702000000000000e+07 7.375768000000000000e+06
2.650604174180729578e-01 2.068738000000000000e+07 -4.768621200000000000e+07 4.559435200000000000e+07 -2.526377200000000000e+07 7.056550500000000000e+06
2.750125389809719434e-01 1.847100600000000000e+07 -4.259160000000000000e+07 4.074059200000000000e+07 -2.259197600000000000e+07 6.303215000000000000e+06
2.850268845507017978e-01 1.770168200000000000e+07 -4.082138000000000000e+07 3.906213600000000000e+07 -2.167126600000000000e+07 6.058257500000000000e+06
2.950518444391626027e-01 1.675158600000000000e+07 -3.861444400000000000e+07 3.691529200000000000e+07 -2.045037600000000000e+07 5.702488000000000000e+06
3.050598860023833736e-01 1.556703200000000000e+07 -3.589405200000000000e+07 3.433364000000000000e+07 -1.903761400000000000e+07 5.314919000000000000e+06
3.149891370984938543e-01 1.480221700000000000e+07 -3.411770800000000000e+07 3.261473400000000000e+07 -1.806419800000000000e+07 5.039063500000000000e+06
3.250378646326326226e-01 1.335356700000000000e+07 -3.079599000000000000e+07 2.946765600000000000e+07 -1.634814800000000000e+07 4.565211000000000000e+06
3.350922015436197388e-01 1.286645400000000000e+07 -2.965934400000000000e+07 2.835754800000000000e+07 -1.571251700000000000e+07 4.385480500000000000e+06
3.450584028013325422e-01 1.233089200000000000e+07 -2.842745000000000000e+07 2.718235200000000000e+07 -1.506284600000000000e+07 4.200770500000000000e+06
3.550603930123342189e-01 1.132004300000000000e+07 -2.610145400000000000e+07 2.496766200000000000e+07 -1.384478100000000000e+07 3.866102500000000000e+06
3.650295308981305609e-01 1.089084500000000000e+07 -2.510678800000000000e+07 2.400910000000000000e+07 -1.330584300000000000e+07 3.713961000000000000e+06
3.750721447144806930e-01 1.023836100000000000e+07 -2.360784200000000000e+07 2.258150200000000000e+07 -1.252148800000000000e+07 3.495038500000000000e+06
3.850647366901044921e-01 9.857553000000000000e+06 -2.272175400000000000e+07 2.172181200000000000e+07 -1.203283500000000000e+07 3.356922750000000000e+06
3.950397327167278760e-01 9.247384000000000000e+06 -2.132033000000000000e+07 2.038921800000000000e+07 -1.130135400000000000e+07 3.152532500000000000e+06
4.050307389847344064e-01 8.733492000000000000e+06 -2.013578800000000000e+07 1.925861200000000000e+07 -1.067642600000000000e+07 2.980092250000000000e+06
4.150176998549017227e-01 8.483319000000000000e+06 -1.955556600000000000e+07 1.869667800000000000e+07 -1.035819000000000000e+07 2.889381000000000000e+06
4.250356124837239569e-01 7.935945500000000000e+06 -1.829567800000000000e+07 1.749456800000000000e+07 -9.695527000000000000e+06 2.704067000000000000e+06
4.350008348468808461e-01 7.508799000000000000e+06 -1.730986000000000000e+07 1.655253700000000000e+07 -9.172294000000000000e+06 2.560755750000000000e+06
4.450186343113535781e-01 7.221053500000000000e+06 -1.665026100000000000e+07 1.592638300000000000e+07 -8.831097000000000000e+06 2.464253000000000000e+06
4.550579172953536644e-01 6.948587500000000000e+06 -1.601809000000000000e+07 1.531523300000000000e+07 -8.485697000000000000e+06 2.367107000000000000e+06
4.650570812217838523e-01 6.650491500000000000e+06 -1.533032600000000000e+07 1.465624800000000000e+07 -8.119340500000000000e+06 2.264279500000000000e+06
4.750553104852955344e-01 6.301140500000000000e+06 -1.452713000000000000e+07 1.389197200000000000e+07 -7.699481000000000000e+06 2.148083250000000000e+06
4.849982048483538755e-01 6.040823500000000000e+06 -1.392581500000000000e+07 1.331651800000000000e+07 -7.379639000000000000e+06 2.059784000000000000e+06
4.949997103289652256e-01 5.764778500000000000e+06 -1.329009900000000000e+07 1.270758400000000000e+07 -7.041955000000000000e+06 1.963356000000000000e+06
5.050400615512790070e-01 5.520613500000000000e+06 -1.272780300000000000e+07 1.217255200000000000e+07 -6.747138500000000000e+06 1.883587000000000000e+06
5.150364501200404010e-01 5.241352500000000000e+06 -1.208141200000000000e+07 1.154897000000000000e+07 -6.396779500000000000e+06 1.783138375000000000e+06
5.250511375951598669e-01 5.110729000000000000e+06 -1.178356800000000000e+07 1.127052700000000000e+07 -6.248341500000000000e+06 1.743833625000000000e+06
5.350611041823150060e-01 4.938925500000000000e+06 -1.138457100000000000e+07 1.088387800000000000e+07 -6.029293500000000000e+06 1.681898500000000000e+06
5.450809173230397597e-01 4.765243000000000000e+06 -1.098591900000000000e+07 1.050495400000000000e+07 -5.821649500000000000e+06 1.623630875000000000e+06
5.550666394094302403e-01 4.500683500000000000e+06 -1.037574100000000000e+07 9.922008000000000000e+06 -5.498785500000000000e+06 1.534698250000000000e+06
5.650247814597439966e-01 4.389166000000000000e+06 -1.011821300000000000e+07 9.674078000000000000e+06 -5.360290000000000000e+06 1.494625125000000000e+06
5.750209303354080204e-01 4.264040500000000000e+06 -9.830930000000000000e+06 9.402147000000000000e+06 -5.211777500000000000e+06 1.454532750000000000e+06
5.849942635311128347e-01 4.115946250000000000e+06 -9.486847000000000000e+06 9.068050000000000000e+06 -5.021975000000000000e+06 1.400174125000000000e+06
5.950117647342185734e-01 3.827931250000000000e+06 -8.825652000000000000e+06 8.440491000000000000e+06 -4.678581500000000000e+06 1.305288375000000000e+06
6.050242718203997505e-01 3.803293000000000000e+06 -8.767246000000000000e+06 8.382438500000000000e+06 -4.644371000000000000e+06 1.295610500000000000e+06
6.150020752393159373e-01 3.677391750000000000e+06 -8.477936000000000000e+06 8.106927500000000000e+06 -4.492729500000000000e+06 1.253047750000000000e+06
6.250268338486723030e-01 3.490564750000000000e+06 -8.047038500000000000e+06 7.694796500000000000e+06 -4.264154500000000000e+06 1.189696750000000000e+06
6.350319376469965027e-01 3.372852250000000000e+06 -7.774606500000000000e+06 7.432247000000000000e+06 -4.116891750000000000e+06 1.147973000000000000e+06
6.450442761672270375e-01 3.315450750000000000e+06 -7.644157500000000000e+06 7.310886000000000000e+06 -4.052858250000000000e+06 1.130889375000000000e+06
6.550363467053897937e-01 3.226980000000000000e+06 -7.438406500000000000e+06 7.111527500000000000e+06 -3.939645500000000000e+06 1.099044125000000000e+06
6.650247684263519421e-01 3.033706500000000000e+06 -6.994094500000000000e+06 6.688055500000000000e+06 -3.706535500000000000e+06 1.033776750000000000e+06
6.749918733784183722e-01 2.986959250000000000e+06 -6.885358500000000000e+06 6.582526000000000000e+06 -3.646679750000000000e+06 1.016965187500000000e+06
6.849838443895439610e-01 2.835695750000000000e+06 -6.537512000000000000e+06 6.251849500000000000e+06 -3.464958250000000000e+06 9.669116250000000000e+05
6.950359556892250490e-01 2.814591250000000000e+06 -6.488758000000000000e+06 6.204774000000000000e+06 -3.438691250000000000e+06 9.591460000000000000e+05
7.050105701058355656e-01 2.731227750000000000e+06 -6.295426500000000000e+06 6.018133000000000000e+06 -3.333318000000000000e+06 9.296356250000000000e+05
7.150266509592753117e-01 2.597464250000000000e+06 -5.988386000000000000e+06 5.726353500000000000e+06 -3.173633500000000000e+06 8.851780625000000000e+05
7.250500455339384809e-01 2.537132500000000000e+06 -5.848882000000000000e+06 5.592731000000000000e+06 -3.099133750000000000e+06 8.645703125000000000e+05
7.350460892200091356e-01 2.477882000000000000e+06 -5.712200500000000000e+06 5.461735500000000000e+06 -3.026333000000000000e+06 8.440980625000000000e+05
7.450354121460555090e-01 2.444470500000000000e+06 -5.635063000000000000e+06 5.387575000000000000e+06 -2.984943500000000000e+06 8.323414375000000000e+05
7.550326069244838179e-01 2.360058500000000000e+06 -5.440341500000000000e+06 5.201483500000000000e+06 -2.881733500000000000e+06 8.039508750000000000e+05
7.650453785955906305e-01 2.280184000000000000e+06 -5.256857500000000000e+06 5.026809500000000000e+06 -2.785967250000000000e+06 7.769797500000000000e+05
7.750260135388538085e-01 2.227248250000000000e+06 -5.134536000000000000e+06 4.909813500000000000e+06 -2.720772250000000000e+06 7.591818750000000000e+05
7.849915722007819729e-01 2.121830500000000000e+06 -4.891232000000000000e+06 4.676258500000000000e+06 -2.590745750000000000e+06 7.223850625000000000e+05
7.950129406502104423e-01 2.041249125000000000e+06 -4.705714500000000000e+06 4.499497000000000000e+06 -2.493296000000000000e+06 6.955199375000000000e+05
8.050563411982313289e-01 2.050325250000000000e+06 -4.726466000000000000e+06 4.519114500000000000e+06 -2.503848250000000000e+06 6.984180625000000000e+05
8.150451896059196510e-01 1.951512125000000000e+06 -4.498893500000000000e+06 4.301709000000000000e+06 -2.383699250000000000e+06 6.647084375000000000e+05
8.250456424548905376e-01 1.911437000000000000e+06 -4.406274500000000000e+06 4.212908500000000000e+06 -2.334181000000000000e+06 6.511686875000000000e+05
8.350306570384318228e-01 1.856229625000000000e+06 -4.278841000000000000e+06 4.090508250000000000e+06 -2.266001000000000000e+06 6.316841250000000000e+05
8.450224782145132618e-01 1.814494500000000000e+06 -4.183387750000000000e+06 4.000867500000000000e+06 -2.217598500000000000e+06 6.188585000000000000e+05
8.550386929401302405e-01 1.783244000000000000e+06 -4.110421750000000000e+06 3.929384750000000000e+06 -2.176580500000000000e+06 6.068633125000000000e+05
8.650409675609206372e-01 1.706734250000000000e+06 -3.934733500000000000e+06 3.762562000000000000e+06 -2.085186875000000000e+06 5.817040625000000000e+05
8.750144769099514885e-01 1.671869500000000000e+06 -3.853825000000000000e+06 3.684309500000000000e+06 -2.040986500000000000e+06 5.692170625000000000e+05
8.849865889438263133e-01 1.651893000000000000e+06 -3.808257500000000000e+06 3.641476750000000000e+06 -2.017942875000000000e+06 5.627599375000000000e+05
8.950162344926836377e-01 1.551212125000000000e+06 -3.576183500000000000e+06 3.419835500000000000e+06 -1.895348500000000000e+06 5.288952500000000000e+05
9.050183282761514736e-01 1.581702375000000000e+06 -3.645797750000000000e+06 3.485046500000000000e+06 -1.930264000000000000e+06 5.380986250000000000e+05
9.150119032364986138e-01 1.498349500000000000e+06 -3.454369000000000000e+06 3.303260500000000000e+06 -1.830658750000000000e+06 5.106653125000000000e+05
9.250146467274448225e-01 1.478542500000000000e+06 -3.408126500000000000e+06 3.258172250000000000e+06 -1.804833875000000000e+06 5.033206875000000000e+05
9.350152028654027392e-01 1.408164375000000000e+06 -3.246468750000000000e+06 3.104536500000000000e+06 -1.720615000000000000e+06 4.799840312500000000e+05
9.450189624043290326e-01 1.412709375000000000e+06 -3.256492750000000000e+06 3.113318250000000000e+06 -1.724749125000000000e+06 4.809670625000000000e+05
9.550021193721657253e-01 1.372982500000000000e+06 -3.165065000000000000e+06 3.026171750000000000e+06 -1.676681125000000000e+06 4.676381562500000000e+05
9.650081686798639424e-01 1.316568250000000000e+06 -3.035280500000000000e+06 2.902563250000000000e+06 -1.608680000000000000e+06 4.487853125000000000e+05
9.750165466658101687e-01 1.318042625000000000e+06 -3.038153250000000000e+06 2.904469250000000000e+06 -1.608917500000000000e+06 4.487097500000000000e+05
9.850258225806778345e-01 1.269173875000000000e+06 -2.925998000000000000e+06 2.797944250000000000e+06 -1.550628625000000000e+06 4.324919062500000000e+05
9.950310133052534534e-01 1.244466625000000000e+06 -2.868663750000000000e+06 2.742571000000000000e+06 -1.519353875000000000e+06 4.237489062500000000e+05
1.005029832819006153e+00 1.230179625000000000e+06 -2.836063750000000000e+06 2.711987750000000000e+06 -1.502938000000000000e+06 4.192613437500000000e+05
1.015016274060724255e+00 1.185893500000000000e+06 -2.733796250000000000e+06 2.613838250000000000e+06 -1.448291500000000000e+06 4.039011562500000000e+05
1.024999464384455772e+00 1.171421375000000000e+06 -2.700200250000000000e+06 2.581393000000000000e+06 -1.429930250000000000e+06 3.987575937500000000e+05
1.035020628383282570e+00 1.124754500000000000e+06 -2.592993500000000000e+06 2.479402250000000000e+06 -1.373945875000000000e+06 3.832000000000000000e+05
1.045036536103622460e+00 1.102904125000000000e+06 -2.542520250000000000e+06 2.431133500000000000e+06 -1.347156250000000000e+06 3.758405625000000000e+05
1.055047677570376763e+00 1.081638000000000000e+06 -2.493491000000000000e+06 2.384120500000000000e+06 -1.321038750000000000e+06 3.684181250000000000e+05
1.065026755064235608e+00 1.076778125000000000e+06 -2.482122500000000000e+06 2.372998750000000000e+06 -1.314648750000000000e+06 3.665853750000000000e+05
1.074998097997463598e+00 1.031614437500000000e+06 -2.378162250000000000e+06 2.273892500000000000e+06 -1.259944125000000000e+06 3.514807500000000000e+05
1.085013296608445144e+00 1.007310937500000000e+06 -2.322201750000000000e+06 2.220436750000000000e+06 -1.230408000000000000e+06 3.431438437500000000e+05
1.095016911988316854e+00 9.809858750000000000e+05 -2.261334250000000000e+06 2.162051250000000000e+06 -1.197852000000000000e+06 3.341323750000000000e+05
1.105004335038441532e+00 9.831650000000000000e+05 -2.266406750000000000e+06 2.166807000000000000e+06 -1.200464625000000000e+06 3.346715937500000000e+05
1.115011102524638087e+00 9.539379375000000000e+05 -2.199189500000000000e+06 2.102962000000000000e+06 -1.165411375000000000e+06 3.251743437500000000e+05
1.125011933952500209e+00 9.609756875000000000e+05 -2.215220000000000000e+06 2.117890250000000000e+06 -1.173327125000000000e+06 3.271996250000000000e+05
1.135010566417244515e+00 9.043254375000000000e+05 -2.084748375000000000e+06 1.993370125000000000e+06 -1.104581250000000000e+06 3.080774375000000000e+05
1.145015986809932995e+00 9.222364375000000000e+05 -2.125856000000000000e+06 2.032381125000000000e+06 -1.125871500000000000e+06 3.139845312500000000e+05
1.155006019462246458e+00 8.817853125000000000e+05 -2.032780875000000000e+06 1.943606125000000000e+06 -1.076943875000000000e+06 3.003198125000000000e+05
1.165010107238552806e+00 8.713451250000000000e+05 -2.008788875000000000e+06 1.920911625000000000e+06 -1.064549625000000000e+06 2.970414687500000000e+05
1.175012884820976433e+00 8.547141250000000000e+05 -1.970204625000000000e+06 1.883492250000000000e+06 -1.043366937500000000e+06 2.908839687500000000e+05
1.185014033703326808e+00 8.337554375000000000e+05 -1.922042000000000000e+06 1.837754500000000000e+06 -1.018296125000000000e+06 2.840049687500000000e+05
1.195018056000012541e+00 8.237033750000000000e+05 -1.898704750000000000e+06 1.815172750000000000e+06 -1.005504437500000000e+06 2.804036875000000000e+05
1.205019499588213083e+00 8.011723750000000000e+05 -1.847068125000000000e+06 1.766300500000000000e+06 -9.789129375000000000e+05 2.730680625000000000e+05
1.215029452980335156e+00 7.863131250000000000e+05 -1.812620625000000000e+06 1.733049250000000000e+06 -9.601956875000000000e+05 2.678113437500000000e+05
1.225028145277843539e+00 7.730585625000000000e+05 -1.782018000000000000e+06 1.703675625000000000e+06 -9.438201875000000000e+05 2.631560625000000000e+05
1.235025273465557349e+00 7.579917500000000000e+05 -1.747471375000000000e+06 1.671002375000000000e+06 -9.260486250000000000e+05 2.583509062500000000e+05
1.245018955682119621e+00 7.491912500000000000e+05 -1.726960625000000000e+06 1.650993000000000000e+06 -9.145718750000000000e+05 2.550302031250000000e+05
1.255025290353654288e+00 7.238490625000000000e+05 -1.668763125000000000e+06 1.595721625000000000e+06 -8.843290625000000000e+05 2.466808906250000000e+05
1.265022134645927609e+00 7.256451250000000000e+05 -1.672715250000000000e+06 1.599176500000000000e+06 -8.859356875000000000e+05 2.470550156250000000e+05
1.275016753828830618e+00 6.953787500000000000e+05 -1.603073125000000000e+06 1.532832125000000000e+06 -8.493852500000000000e+05 2.369243593750000000e+05
1.285024524456789496e+00 6.938846875000000000e+05 -1.599622875000000000e+06 1.529517625000000000e+06 -8.475398750000000000e+05 2.364051406250000000e+05
1.295010520710187185e+00 6.893146250000000000e+05 -1.588947375000000000e+06 1.519054500000000000e+06 -8.414907500000000000e+05 2.346414062500000000e+05
1.305022138231467732e+00 6.673043750000000000e+05 -1.538352625000000000e+06 1.470928750000000000e+06 -8.150740000000000000e+05 2.273274375000000000e+05
1.315023669166421882e+00 6.472028125000000000e+05 -1.491920625000000000e+06 1.426401000000000000e+06 -7.902708750000000000e+05 2.204184062500000000e+05
1.325002876192312273e+00 6.489125625000000000e+05 -1.495975125000000000e+06 1.430438250000000000e+06 -7.926627500000000000e+05 2.210884218750000000e+05
1.335014490550006983e+00 6.288680625000000000e+05 -1.449687875000000000e+06 1.386058000000000000e+06 -7.679566250000000000e+05 2.141769687500000000e+05
1.345019054595264718e+00 6.343515000000000000e+05 -1.462255625000000000e+06 1.397946500000000000e+06 -7.744245000000000000e+05 2.159424375000000000e+05
1.355008540804860218e+00 6.039411875000000000e+05 -1.392265750000000000e+06 1.331210250000000000e+06 -7.376352500000000000e+05 2.057201093750000000e+05
1.365007603159965388e+00 5.968138125000000000e+05 -1.375797750000000000e+06 1.315452125000000000e+06 -7.288411875000000000e+05 2.033160156250000000e+05
1.375012733590943004e+00 5.944218750000000000e+05 -1.370315750000000000e+06 1.310209625000000000e+06 -7.259878750000000000e+05 2.024650937500000000e+05
1.385000989524411308e+00 5.824168125000000000e+05 -1.342620125000000000e+06 1.283723500000000000e+06 -7.112879375000000000e+05 1.983916718750000000e+05
1.394991877142927494e+00 5.707008750000000000e+05 -1.315583250000000000e+06 1.257808250000000000e+06 -6.968688125000000000e+05 1.943364843750000000e+05
1.405010636294873105e+00 5.624064375000000000e+05 -1.296517500000000000e+06 1.239673625000000000e+06 -6.869033125000000000e+05 1.915776406250000000e+05
1.415013546073994544e+00 5.430852500000000000e+05 -1.251868625000000000e+06 1.196824250000000000e+06 -6.630117500000000000e+05 1.849033437500000000e+05
1.425006830982540995e+00 5.462696875000000000e+05 -1.259322375000000000e+06 1.204091875000000000e+06 -6.671968125000000000e+05 1.860626406250000000e+05
1.435006467930504126e+00 5.395948750000000000e+05 -1.243917250000000000e+06 1.189389125000000000e+06 -6.590401250000000000e+05 1.838356250000000000e+05
1.444995800670472841e+00 5.232456250000000000e+05 -1.206166500000000000e+06 1.153133375000000000e+06 -6.388222500000000000e+05 1.781192968750000000e+05
1.455015590640238665e+00 5.118107500000000000e+05 -1.179905125000000000e+06 1.128240625000000000e+06 -6.252228125000000000e+05 1.744115156250000000e+05
1.465013815563213084e+00 5.041985000000000000e+05 -1.162209125000000000e+06 1.111043625000000000e+06 -6.154403125000000000e+05 1.716085937500000000e+05
1.475006051151538600e+00 5.054261875000000000e+05 -1.165198375000000000e+06 1.114184000000000000e+06 -6.174435000000000000e+05 1.722226406250000000e+05
1.485017014907060062e+00 4.947497187500000000e+05 -1.140514000000000000e+06 1.090461125000000000e+06 -6.041806250000000000e+05 1.685160156250000000e+05
1.495020287276764837e+00 4.820290625000000000e+05 -1.111174500000000000e+06 1.062364250000000000e+06 -5.885741875000000000e+05 1.641217968750000000e+05
1.505030877892667984e+00 4.752291250000000000e+05 -1.095532125000000000e+06 1.047479687500000000e+06 -5.803978750000000000e+05 1.618759687500000000e+05
1.515019813035374474e+00 4.794363750000000000e+05 -1.105160625000000000e+06 1.056567625000000000e+06 -5.853171875000000000e+05 1.632188906250000000e+05
1.525010512567590126e+00 4.629858750000000000e+05 -1.067359750000000000e+06 1.020626250000000000e+06 -5.655931875000000000e+05 1.577663750000000000e+05
1.535004235628180558e+00 4.541805937500000000e+05 -1.046963937500000000e+06 1.000970125000000000e+06 -5.545538125000000000e+05 1.546638906250000000e+05
1.545009540374924661e+00 4.394256250000000000e+05 -1.013000437500000000e+06 9.685689375000000000e+05 -5.366740625000000000e+05 1.496716875000000000e+05
1.555010696055488140e+00 4.517300312500000000e+05 -1.041362750000000000e+06 9.956880625000000000e+05 -5.517070625000000000e+05 1.538784843750000000e+05
1.564999882227454453e+00 4.348158437500000000e+05 -1.002318812500000000e+06 9.582715625000000000e+05 -5.308800625000000000e+05 1.480456562500000000e+05
1.575013473793481777e+00 4.195740312500000000e+05 -9.672892500000000000e+05 9.249587500000000000e+05 -5.125983125000000000e+05 1.429963593750000000e+05
1.585013465957951562e+00 4.212172187500000000e+05 -9.709435000000000000e+05 9.282262500000000000e+05 -5.141945312500000000e+05 1.433842656250000000e+05
1.595010302882553965e+00 4.229196250000000000e+05 -9.749592500000000000e+05 9.322167500000000000e+05 -5.165524062500000000e+05 1.440617187500000000e+05
1.605012618548472769e+00 1.878636230468750000e+03 -4.022542724609375000e+03 3.227246337890625000e+03 -1.134528198242187500e+03 -5.068355560302734375e+01
