7.596226801213465558e-03 nan nan nan
1.659868253045715392e-02 9.146604492187500000e+03 9.132760742187500000e+03 9.092073242187500000e+03
2.586445535064502838e-02 8.266955078125000000e+03 8.275287109375000000e+03 8.302604492187500000e+03
3.529679113105960164e-02 6.613039550781250000e+03 6.578063964843750000e+03 6.491842773437500000e+03
4.513097325575825269e-02 5.312145507812500000e+03 5.314473144531250000e+03 5.331998046875000000e+03
5.555287376500484681e-02 4.482500000000000000e+03 4.488375000000000000e+03 4.511343750000000000e+03
6.539609960466623295e-02 3.986330322265625000e+03 3.985331542968750000e+03 3.978042236328125000e+03
7.523296917119864924e-02 3.527254150390625000e+03 3.528123046875000000e+03 3.538581298828125000e+03
8.527687392779625952e-02 2.980975830078125000e+03 2.972614746093750000e+03 2.951947998046875000e+03
9.513029164678916960e-02 2.455257568359375000e+03 2.457969238281250000e+03 2.462106933593750000e+03
1.052419212149728195e-01 2.046981933593750000e+03 2.048902587890625000e+03 2.052040771484375000e+03
1.151206348008374791e-01 1.809191528320312500e+03 1.808403198242187500e+03 1.806545166015625000e+03
1.250947655921243185e-01 1.664546997070312500e+03 1.664415649414062500e+03 1.665338134765625000e+03
1.351558694514480297e-01 1.521642456054687500e+03 1.521114868164062500e+03 1.518542968750000000e+03
1.451183503331893165e-01 1.346677124023437500e+03 1.347286376953125000e+03 1.349704711914062500e+03
1.550676859827954668e-01 1.165513549804687500e+03 1.164873657226562500e+03 1.164451171875000000e+03
1.650358671301104252e-01 1.022052246093750000e+03 1.021766418457031250e+03 1.021690673828125000e+03
1.750550386343222298e-01 9.285297851562500000e+02 9.287169189453125000e+02 9.293453369140625000e+02
1.850940391027394993e-01 8.654216308593750000e+02 8.650947265625000000e+02 8.639851684570312500e+02
1.950992635784380702e-01 8.047141113281250000e+02 8.044669799804687500e+02 8.040731811523437500e+02
2.050639226082118238e-01 7.336787109375000000e+02 7.333299560546875000e+02 7.319964599609375000e+02
2.150232007997887052e-01 6.602752075195312500e+02 6.603812255859375000e+02 6.604885864257812500e+02
2.250205723012609627e-01 5.978496093750000000e+02 5.979642944335937500e+02 5.984583740234375000e+02
2.351001704350387245e-01 5.517456665039062500e+02 5.515903930664062500e+02 5.512306518554687500e+02
2.450738893128198981e-01 5.175147094726562500e+02 5.175284423828125000e+02 5.177176513671875000e+02
2.550521915705782905e-01 4.854340515136718750e+02 4.854079284667968750e+02 4.852471008300781250e+02
2.650604174180729578e-01 4.509957885742187500e+02 4.510895080566406250e+02 4.514546203613281250e+02
2.750125389809719434e-01 4.162206420898437500e+02 4.162463378906250000e+02 4.164699401855468750e+02
2.850268845507017978e-01 3.850763244628906250e+02 3.850285034179687500e+02 3.848375854492187500e+02
2.950518444391626027e-01 3.598758544921875000e+02 3.599364318847656250e+02 3.600574035644531250e+02
3.050598860023833736e-01 3.391612854003906250e+02 3.391174316406250000e+02 3.389214782714843750e+02
3.149891370984938543e-01 3.202689208984375000e+02 3.202740478515625000e+02 3.203281860351562500e+02
3.250378646326326226e-01 3.010802001953125000e+02 3.010993347167968750e+02 3.011739196777343750e+02
3.350922015436197388e-01 2.821729431152343750e+02 2.822041931152343750e+02 2.822740173339843750e+02
3.450584028013325422e-01 2.649901733398437500e+02 2.650278320312500000e+02 2.651695251464843750e+02
3.550603930123342189e-01 2.499872283935546875e+02 2.499626312255859375e+02 2.498938293457031250e+02
3.650295308981305609e-01 2.369670562744140625e+02 2.369857177734375000e+02 2.370616455078125000e+02
3.750721447144806930e-01 2.248510131835937500e+02 2.248610382080078125e+02 2.248770141601562500e+02
3.850647366901044921e-01 2.132066192626953125e+02 2.132184753417968750e+02 2.132276763916015625e+02
3.950397327167278760e-01 2.019876251220703125e+02 2.019836273193359375e+02 2.019763793945312500e+02
4.050307389847344064e-01 1.915064086914062500e+02 1.914745635986328125e+02 1.913767547607421875e+02
4.150176998549017227e-01 1.820349731445312500e+02 1.820426177978515625e+02 1.820672302246093750e+02
4.250356124837239569e-01 1.734131164550781250e+02 1.734065093994140625e+02 1.733791351318359375e+02
4.350008348468808461e-01 1.654479064941406250e+02 1.654486541748046875e+02 1.654679107666015625e+02
4.450186343113535781e-01 1.578243713378906250e+02 1.578267211914062500e+02 1.578542633056640625e+02
4.550579172953536644e-01 1.505303955078125000e+02 1.505206146240234375e+02 1.504834747314453125e+02
4.650570812217838523e-01 1.437059020996093750e+02 1.437071380615234375e+02 1.437154693603515625e+02
4.750553104852955344e-01 1.373690338134765625e+02 1.373560485839843750e+02 1.373201599121093750e+02
4.849982048483538755e-01 1.315338592529296875e+02 1.315320434570312500e+02 1.315310211181640625e+02
4.949997103289652256e-01 1.260313186645507812e+02 1.260336685180664062e+02 1.260327301025390625e+02
5.050400615512790070e-01 1.207918701171875000e+02 1.207868652343750000e+02 1.207619323730468750e+02
5.150364501200404010e-01 1.158354263305664062e+02 1.158375091552734375e+02 1.158541259765625000e+02
5.250511375951598669e-01 1.111334609985351562e+02 1.111310348510742188e+02 1.111251602172851562e+02
5.350611041823150060e-01 1.067195358276367188e+02 1.067263259887695312e+02 1.067479248046875000e+02
5.450809173230397597e-01 1.025687713623046875e+02 1.025747756958007812e+02 1.025962142944335938e+02
5.550666394094302403e-01 9.866294860839843750e+01 9.866448211669921875e+01 9.867396545410156250e+01
5.650247814597439966e-01 9.496598815917968750e+01 9.496997833251953125e+01 9.498476409912109375e+01
5.750209303354080204e-01 9.142985534667968750e+01 9.142765808105468750e+01 9.141024017333984375e+01
5.849942635311128347e-01 8.808210754394531250e+01 8.808754730224609375e+01 8.809894561767578125e+01
5.950117647342185734e-01 8.489318847656250000e+01 8.489555358886718750e+01 8.490287780761718750e+01
6.050242718203997505e-01 8.187433624267578125e+01 8.187525939941406250e+01 8.187830352783203125e+01
6.150020752393159373e-01 7.901865386962890625e+01 7.902071380615234375e+01 7.902429962158203125e+01
6.250268338486723030e-01 7.628519439697265625e+01 7.628226470947265625e+01 7.626953887939453125e+01
6.350319376469965027e-01 7.368550872802734375e+01 7.368728637695312500e+01 7.369507598876953125e+01
6.450442761672270375e-01 7.120108032226562500e+01 7.119943237304687500e+01 7.119442749023437500e+01
6.550363467053897937e-01 6.883988189697265625e+01 6.884132385253906250e+01 6.884520721435546875e+01
6.650247684263519421e-01 6.659127807617187500e+01 6.659311676025390625e+01 6.660033416748046875e+01
6.749918733784183722e-01 6.445051574707031250e+01 6.444803619384765625e+01 6.444039154052734375e+01
6.849838443895439610e-01 6.240169143676757812e+01 6.240260314941406250e+01 6.240604019165039062e+01
6.950359556892250490e-01 6.042669296264648438e+01 6.042432022094726562e+01 6.041522979736328125e+01
7.050105701058355656e-01 5.855266189575195312e+01 5.855264282226562500e+01 5.855273437500000000e+01
7.150266509592753117e-01 5.675221252441406250e+01 5.675289154052734375e+01 5.675645065307617188e+01
7.250500455339384809e-01 5.502812576293945312e+01 5.502697372436523438e+01 5.502318954467773438e+01
7.350460892200091356e-01 5.338329315185546875e+01 5.338472366333007812e+01 5.338866424560546875e+01
7.450354121460555090e-01 5.180661010742187500e+01 5.180620574951171875e+01 5.180336380004882812e+01
7.550326069244838179e-01 5.029333496093750000e+01 5.029430007934570312e+01 5.029934692382812500e+01
7.650453785955906305e-01 4.883713150024414062e+01 4.883697891235351562e+01 4.883816146850585938e+01
7.750260135388538085e-01 4.744375610351562500e+01 4.744364547729492188e+01 4.744086456298828125e+01
7.849915722007819729e-01 4.610863113403320312e+01 4.610916900634765625e+01 4.610938644409179688e+01
7.950129406502104423e-01 4.481880569458007812e+01 4.481637954711914062e+01 4.480917739868164062e+01
8.050563411982313289e-01 4.357778167724609375e+01 4.357793426513671875e+01 4.357939529418945312e+01
8.150451896059196510e-01 4.238946533203125000e+01 4.239030456542968750e+01 4.239161682128906250e+01
8.250456424548905376e-01 4.124374008178710938e+01 4.124354934692382812e+01 4.124309921264648438e+01
8.350306570384318228e-01 4.014278793334960938e+01 4.014240646362304688e+01 4.014338302612304688e+01
8.450224782145132618e-01 3.908217239379882812e+01 3.908156204223632812e+01 3.907941818237304688e+01
8.550386929401302405e-01 3.805900192260742188e+01 3.806017684936523438e+01 3.806279754638671875e+01
8.650409675609206372e-01 3.707390975952148438e+01 3.707415771484375000e+01 3.707426071166992188e+01
8.750144769099514885e-01 3.612686920166015625e+01 3.612726593017578125e+01 3.612888336181640625e+01
8.849865889438263133e-01 3.521281051635742188e+01 3.521321487426757812e+01 3.521426010131835938e+01
8.950162344926836377e-01 3.432531738281250000e+01 3.432498550415039062e+01 3.432197189331054688e+01
9.050183282761514736e-01 3.347200393676757812e+01 3.347254562377929688e+01 3.347356033325195312e+01
9.150119032364986138e-01 3.264878845214843750e+01 3.264823913574218750e+01 3.264681625366210938e+01
9.250146467274448225e-01 3.185352325439453125e+01 3.185376739501953125e+01 3.185514640808105469e+01
9.350152028654027392e-01 3.108485984802246094e+01 3.108570671081542969e+01 3.108841133117675781e+01
9.450189624043290326e-01 3.034094047546386719e+01 3.034071159362792969e+01 3.034026908874511719e+01
9.550021193721657253e-01 2.962347412109375000e+01 2.962366104125976562e+01 2.962565040588378906e+01
9.650081686798639424e-01 2.892780494689941406e+01 2.892767333984375000e+01 2.892739295959472656e+01
9.750165466658101687e-01 2.825516510009765625e+01 2.825579452514648438e+01 2.825737762451171875e+01
9.850258225806778345e-01 2.760401725769042969e+01 2.760414695739746094e+01 2.760422706604003906e+01
9.950310133052534534e-01 2.697389030456542969e+01 2.697357559204101562e+01 2.697240829467773438e+01
1.005029832819006153e+00 2.636409378051757812e+01 2.636458587646484375e+01 2.636626434326171875e+01
1.015016274060724255e+00 2.577348518371582031e+01 2.577326583862304688e+01 2.577204322814941406e+01
1.024999464384455772e+00 2.520184135437011719e+01 2.520196342468261719e+01 2.520250129699707031e+01
1.035020628383282570e+00 2.464588356018066406e+01 2.464604568481445312e+01 2.464710426330566406e+01
1.045036536103622460e+00 2.410729217529296875e+01 2.410748672485351562e+01 2.410829925537109375e+01
1.055047677570376763e+00 2.358514976501464844e+01 2.358556747436523438e+01 2.358666419982910156e+01
1.065026755064235608e+00 2.307980155944824219e+01 2.307936477661132812e+01 2.307759857177734375e+01
1.074998097997463598e+00 2.259003829956054688e+01 2.258979606628417969e+01 2.258928108215332031e+01
1.085013296608445144e+00 2.211266136169433594e+01 2.211254692077636719e+01 2.211192893981933594e+01
1.095016911988316854e+00 2.164991760253906250e+01 2.165009307861328125e+01 2.165023803710937500e+01
1.105004335038441532e+00 2.120128059387207031e+01 2.120116043090820312e+01 2.120080566406250000e+01
1.115011102524638087e+00 2.076462364196777344e+01 2.076395988464355469e+01 2.076191711425781250e+01
1.125011933952500209e+00 2.034091758728027344e+01 2.034107398986816406e+01 2.034168624877929688e+01
1.135010566417244515e+00 1.992885017395019531e+01 1.992890357971191406e+01 1.992874717712402344e+01
1.145015986809932995e+00 1.952813148498535156e+01 1.952819442749023438e+01 1.952841377258300781e+01
1.155006019462246458e+00 1.913933372497558594e+01 1.913943099975585938e+01 1.914000511169433594e+01
1.165010107238552806e+00 1.876076698303222656e+01 1.876074218750000000e+01 1.876047325134277344e+01
1.175012884820976433e+00 1.839273262023925781e+01 1.839304733276367188e+01 1.839375686645507812e+01
1.185014033703326808e+00 1.803441238403320312e+01 1.803428840637207031e+01 1.803350067138671875e+01
1.195018056000012541e+00 1.768579101562500000e+01 1.768592643737792969e+01 1.768644523620605469e+01
1.205019499588213083e+00 1.734655761718750000e+01 1.734680938720703125e+01 1.734776115417480469e+01
1.215029452980335156e+00 1.701605224609375000e+01 1.701622962951660156e+01 1.701660346984863281e+01
1.225028145277843539e+00 1.669477653503417969e+01 1.669509315490722656e+01 1.669607925415039062e+01
1.235025273465557349e+00 1.638176155090332031e+01 1.638158226013183594e+01 1.638113403320312500e+01
1.245018955682119621e+00 1.607715797424316406e+01 1.607728576660156250e+01 1.607796287536621094e+01
1.255025290353654288e+00 1.577987003326416016e+01 1.578011703491210938e+01 1.578082752227783203e+01
1.265022134645927609e+00 1.549034690856933594e+01 1.549033164978027344e+01 1.549010658264160156e+01
1.275016753828830618e+00 1.520833969116210938e+01 1.520826339721679688e+01 1.520803642272949219e+01
1.285024524456789496e+00 1.493314170837402344e+01 1.493295955657958984e+01 1.493217849731445312e+01
1.295010520710187185e+00 1.466554737091064453e+01 1.466563034057617188e+01 1.466577911376953125e+01
1.305022138231467732e+00 1.440376186370849609e+01 1.440369510650634766e+01 1.440350437164306641e+01
1.315023669166421882e+00 1.414868068695068359e+01 1.414867115020751953e+01 1.414868259429931641e+01
1.325002876192312273e+00 1.390038394927978516e+01 1.390044116973876953e+01 1.390060806274414062e+01
1.335014490550006983e+00 1.365732192993164062e+01 1.365718269348144531e+01 1.365664577484130859e+01
1.345019054595264718e+00 1.342044639587402344e+01 1.342044067382812500e+01 1.342051982879638672e+01
1.355008540804860218e+00 1.318952846527099609e+01 1.318936634063720703e+01 1.318885517120361328e+01
1.365007603159965388e+00 1.296396255493164062e+01 1.296398353576660156e+01 1.296403121948242188e+01
1.375012733590943004e+00 1.274353122711181641e+01 1.274368572235107422e+01 1.274410820007324219e+01
1.385000989524411308e+00 1.252851963043212891e+01 1.252841186523437500e+01 1.252801704406738281e+01
1.394991877142927494e+00 1.231857776641845703e+01 1.231850337982177734e+01 1.231835556030273438e+01
1.405010636294873105e+00 1.211297702789306641e+01 1.211288547515869141e+01 1.211257076263427734e+01
1.415013546073994544e+00 1.191249847412109375e+01 1.191260051727294922e+01 1.191295337677001953e+01
1.425006830982540995e+00 1.171670722961425781e+01 1.171671581268310547e+01 1.171685218811035156e+01
1.435006467930504126e+00 1.152517986297607422e+01 1.152502632141113281e+01 1.152458572387695312e+01
1.444995800670472841e+00 1.133826255798339844e+01 1.133827972412109375e+01 1.133841228485107422e+01
1.455015590640238665e+00 1.115492630004882812e+01 1.115487861633300781e+01 1.115464019775390625e+01
1.465013815563213084e+00 1.097613811492919922e+01 1.097616195678710938e+01 1.097623825073242188e+01
1.475006051151538600e+00 1.080142402648925781e+01 1.080143165588378906e+01 1.080146980285644531e+01
1.485017014907060062e+00 1.063022804260253906e+01 1.063023853302001953e+01 1.063018989562988281e+01
1.495020287276764837e+00 1.046292591094970703e+01 1.046306324005126953e+01 1.046343898773193359e+01
1.505030877892667984e+00 1.029902839660644531e+01 1.029901027679443359e+01 1.029886817932128906e+01
1.515019813035374474e+00 1.013909435272216797e+01 1.013910484313964844e+01 1.013920211791992188e+01
1.525010512567590126e+00 9.982585906982421875e+00 9.982583999633789062e+00 9.982625961303710938e+00
1.535004235628180558e+00 9.829411506652832031e+00 9.829474449157714844e+00 9.829630851745605469e+00
1.545009540374924661e+00 9.679289817810058594e+00 9.679368972778320312e+00 9.679615974426269531e+00
1.555010696055488140e+00 9.532312393188476562e+00 9.532206535339355469e+00 9.531835556030273438e+00
1.564999882227454453e+00 9.388661384582519531e+00 9.388654708862304688e+00 9.388626098632812500e+00
1.575013473793481777e+00 9.247632980346679688e+00 9.247629165649414062e+00 9.247527122497558594e+00
1.585013465957951562e+00 9.109757423400878906e+00 9.109758377075195312e+00 9.109761238098144531e+00
1.595010302882553965e+00 8.974758148193359375e+00 8.974740982055664062e+00 8.974769592285156250e+00
1.605012618548472769e+00 8.842464447021484375e+00 8.842453956604003906e+00 8.842494010925292969e+00
