1.314872924826647124e-02 1.321479687500000000e+04 1.325852050781250000e+04 1.342399414062500000e+04
1.805532947182655196e-02 1.343555664062500000e+04 1.339377148437500000e+04 1.327961328125000000e+04
2.256174528828034168e-02 1.290278710937500000e+04 1.303977539062500000e+04 1.333881250000000000e+04
2.750008319105420873e-02 1.166784472656250000e+04 1.176293554687500000e+04 1.220678808593750000e+04
3.280863565185087455e-02 1.020464355468750000e+04 1.017818164062500000e+04 1.018830468750000000e+04
3.755727225269367420e-02 9.033120117187500000e+03 8.921918945312500000e+03 8.633256835937500000e+03
4.248077014512695315e-02 8.077363769531250000e+03 8.034048828125000000e+03 7.900662597656250000e+03
4.756032610717027265e-02 7.321833007812500000e+03 7.359059570312500000e+03 7.475753417968750000e+03
5.252712892427143648e-02 6.739117675781250000e+03 6.764144042968750000e+03 6.838443359375000000e+03
5.779488002703447869e-02 6.273447265625000000e+03 6.270325683593750000e+03 6.248234375000000000e+03
6.299165317659857766e-02 5.907397460937500000e+03 5.898560058593750000e+03 5.864890625000000000e+03
6.758906508494973153e-02 5.616327636718750000e+03 5.617985839843750000e+03 5.615380371093750000e+03
7.243003428414247769e-02 5.300356933593750000e+03 5.311438964843750000e+03 5.363505371093750000e+03
7.767184063660692583e-02 4.916811523437500000e+03 4.918701171875000000e+03 4.950182128906250000e+03
8.268850969320797051e-02 4.514775878906250000e+03 4.504292968750000000e+03 4.482208496093750000e+03
8.757612687801535900e-02 4.111124511718750000e+03 4.098520996093750000e+03 4.051500976562500000e+03
9.244367711745533900e-02 3.726129394531250000e+03 3.726838623046875000e+03 3.722737060546875000e+03
9.743590330526932797e-02 3.371893798828125000e+03 3.384328369140625000e+03 3.417791015625000000e+03
1.025277324048767397e-01 3.065289062500000000e+03 3.070009277343750000e+03 3.081227050781250000e+03
1.076367936944693654e-01 2.828513183593750000e+03 2.826476806640625000e+03 2.816185546875000000e+03
1.126030148430304106e-01 2.659991699218750000e+03 2.657188964843750000e+03 2.645708496093750000e+03
1.174435548213959291e-01 2.539143066406250000e+03 2.537894775390625000e+03 2.536089111328125000e+03
1.224354608201449202e-01 2.440892578125000000e+03 2.442448974609375000e+03 2.449328857421875000e+03
1.275909461056228267e-01 2.345902832031250000e+03 2.346726806640625000e+03 2.349774658203125000e+03
1.327043020414292174e-01 2.243852050781250000e+03 2.243087646484375000e+03 2.239961425781250000e+03
1.376182319623475980e-01 2.131699951171875000e+03 2.130888183593750000e+03 2.126069824218750000e+03
1.425090726454930068e-01 2.006814697265625000e+03 2.008943847656250000e+03 2.015015258789062500e+03
1.475486150760760284e-01 1.870052612304687500e+03 1.872905517578125000e+03 1.885004150390625000e+03
1.524841955864576215e-01 1.736976806640625000e+03 1.737085571289062500e+03 1.739218017578125000e+03
1.574166889158671312e-01 1.614997924804687500e+03 1.613232421875000000e+03 1.608679931640625000e+03
1.624974692156987421e-01 1.507998657226562500e+03 1.506819458007812500e+03 1.503854980468750000e+03
1.675381364092472514e-01 1.422722045898437500e+03 1.423441040039062500e+03 1.426004272460937500e+03
1.724963191670058626e-01 1.357038696289062500e+03 1.358017700195312500e+03 1.361444213867187500e+03
1.774712846820677148e-01 1.305190795898437500e+03 1.305294189453125000e+03 1.305248901367187500e+03
1.825076392898477284e-01 1.261560668945312500e+03 1.261182495117187500e+03 1.259307128906250000e+03
1.875640538048707062e-01 1.220602416992187500e+03 1.220117553710937500e+03 1.218310668945312500e+03
1.925034225576396918e-01 1.178877197265625000e+03 1.178925415039062500e+03 1.179540771484375000e+03
1.974610533596562745e-01 1.132447387695312500e+03 1.132666870117187500e+03 1.133980957031250000e+03
2.024897823196146751e-01 1.080475219726562500e+03 1.079921508789062500e+03 1.078327636718750000e+03
2.074980567267045994e-01 1.026073974609375000e+03 1.025430664062500000e+03 1.022654235839843750e+03
2.125379787762835815e-01 9.716520385742187500e+02 9.714664916992187500e+02 9.700415649414062500e+02
2.174786291014843831e-01 9.215651245117187500e+02 9.221441650390625000e+02 9.240236816406250000e+02
2.224254792726036156e-01 8.764571533203125000e+02 8.768544921875000000e+02 8.783320312500000000e+02
2.274793282131034045e-01 8.368557739257812500e+02 8.367294311523437500e+02 8.363157348632812500e+02
2.325348031438600471e-01 8.038096923828125000e+02 8.034172363281250000e+02 8.021784057617187500e+02
2.375611644157779312e-01 7.762962036132812500e+02 7.759841308593750000e+02 7.752380981445312500e+02
2.424867501520464597e-01 7.527144775390625000e+02 7.527651367187500000e+02 7.533319091796875000e+02
2.474529131998902398e-01 7.303492431640625000e+02 7.305256347656250000e+02 7.312560424804687500e+02
2.525333048492222621e-01 7.073280639648437500e+02 7.072963867187500000e+02 7.071425170898437500e+02
2.575376994774120631e-01 6.836698608398437500e+02 6.835071411132812500e+02 6.828243408203125000e+02
2.624845365361112570e-01 6.591995849609375000e+02 6.591702880859375000e+02 6.589284057617187500e+02
2.674817903133199781e-01 6.338423461914062500e+02 6.341226806640625000e+02 6.351875000000000000e+02
2.725323518795429445e-01 6.081547241210937500e+02 6.082660522460937500e+02 6.089227905273437500e+02
2.774890621993767459e-01 5.839142456054687500e+02 5.836863403320312500e+02 5.830928955078125000e+02
2.825008202278096459e-01 5.613330078125000000e+02 5.611129150390625000e+02 5.604412231445312500e+02
2.875582888769670498e-01 5.408722534179687500e+02 5.408552246093750000e+02 5.407203979492187500e+02
2.924876519432876854e-01 5.231820068359375000e+02 5.233842163085937500e+02 5.239456176757812500e+02
2.974705170244704155e-01 5.071495361328125000e+02 5.072680664062500000e+02 5.075812683105468750e+02
3.025238651433018178e-01 4.923233642578125000e+02 4.922937011718750000e+02 4.920444030761718750e+02
3.075420256989214729e-01 4.784665527343750000e+02 4.783730163574218750e+02 4.779212951660156250e+02
3.125036240647907082e-01 4.651073303222656250e+02 4.650568237304687500e+02 4.648990173339843750e+02
3.174195799745954116e-01 4.518598632812500000e+02 4.519421691894531250e+02 4.523309326171875000e+02
3.224832252385306797e-01 4.379876098632812500e+02 4.380000000000000000e+02 4.381197204589843750e+02
3.276040913880948202e-01 4.238858947753906250e+02 4.238234863281250000e+02 4.235878601074218750e+02
3.325813207457957721e-01 4.103790893554687500e+02 4.103675231933593750e+02 4.102187805175781250e+02
3.375128626469255932e-01 3.974553833007812500e+02 3.975247192382812500e+02 3.976977539062500000e+02
3.425143530233491496e-01 3.850242309570312500e+02 3.851688842773437500e+02 3.856702270507812500e+02
3.475504925414360513e-01 3.732948913574218750e+02 3.733381652832031250e+02 3.735116271972656250e+02
3.525362449963551081e-01 3.625616455078125000e+02 3.624988708496093750e+02 3.623180847167968750e+02
3.575039814455617804e-01 3.526897583007812500e+02 3.526308288574218750e+02 3.524633483886718750e+02
3.625128177279869357e-01 3.433944396972656250e+02 3.434097290039062500e+02 3.434841003417968750e+02
3.675262489954181366e-01 3.345253295898437500e+02 3.345889587402343750e+02 3.348282775878906250e+02
3.725324742966173441e-01 3.259235534667968750e+02 3.259542236328125000e+02 3.260300903320312500e+02
3.775559673602952859e-01 3.174445495605468750e+02 3.174296569824218750e+02 3.173194885253906250e+02
3.825269373004452356e-01 3.091600646972656250e+02 3.091386718750000000e+02 3.090191955566406250e+02
3.874968776079799615e-01 3.009839477539062500e+02 3.009998779296875000e+02 3.010262145996093750e+02
3.924779845005603729e-01 2.929352111816406250e+02 2.929590759277343750e+02 2.930580749511718750e+02
3.974905415768376638e-01 2.850503540039062500e+02 2.850056152343750000e+02 2.848945312500000000e+02
4.025266740378150576e-01 2.774568786621093750e+02 2.774031066894531250e+02 2.772273559570312500e+02
4.075129112564200851e-01 2.703084106445312500e+02 2.702815551757812500e+02 2.701740722656250000e+02
4.124933677684979316e-01 2.635466918945312500e+02 2.635718688964843750e+02 2.636507263183593750e+02
4.174954123225031455e-01 2.570979309082031250e+02 2.571387634277343750e+02 2.572781677246093750e+02
4.225074616322575527e-01 2.509307708740234375e+02 2.509331817626953125e+02 2.509307556152343750e+02
4.275163325017690141e-01 2.450204010009765625e+02 2.449948272705078125e+02 2.448891906738281250e+02
4.325156395103065265e-01 2.393228607177734375e+02 2.393055877685546875e+02 2.392501220703125000e+02
4.374762184164075474e-01 2.338199920654296875e+02 2.338407135009765625e+02 2.339511413574218750e+02
4.424586349063449608e-01 2.284010925292968750e+02 2.284275665283203125e+02 2.285549011230468750e+02
4.475246412919690608e-01 2.229931640625000000e+02 2.229883422851562500e+02 2.229813842773437500e+02
4.525303682865655097e-01 2.177781066894531250e+02 2.177574157714843750e+02 2.176750488281250000e+02
4.575101934230417222e-01 2.127415313720703125e+02 2.127336120605468750e+02 2.126919555664062500e+02
4.625324605071371997e-01 2.078308258056640625e+02 2.078551483154296875e+02 2.079416961669921875e+02
4.675449559761588603e-01 2.030982513427734375e+02 2.031175689697265625e+02 2.031986389160156250e+02
4.725300200459688349e-01 1.985667419433593750e+02 1.985496063232421875e+02 1.985036163330078125e+02
4.775098728343946108e-01 1.942238769531250000e+02 1.941963500976562500e+02 1.941132965087890625e+02
4.825247932281710450e-01 1.900177459716796875e+02 1.900009765625000000e+02 1.899478912353515625e+02
4.874921625405155834e-01 1.859987335205078125e+02 1.860116729736328125e+02 1.860542602539062500e+02
4.924939919453936166e-01 1.820685882568359375e+02 1.820828094482421875e+02 1.821251831054687500e+02
4.975223347642814264e-01 1.782186889648437500e+02 1.782153778076171875e+02 1.781817016601562500e+02
5.025184656370931258e-01 1.744902954101562500e+02 1.744783477783203125e+02 1.744220733642578125e+02
5.075178950612877493e-01 1.708525848388671875e+02 1.708461761474609375e+02 1.708245849609375000e+02
5.125012190241899912e-01 1.673190002441406250e+02 1.673307342529296875e+02 1.673838806152343750e+02
5.175006807388169427e-01 1.638615570068359375e+02 1.638719177246093750e+02 1.639284515380859375e+02
5.225031212368606015e-01 1.604943695068359375e+02 1.604884490966796875e+02 1.604751739501953125e+02
5.275267813748746315e-01 1.572183532714843750e+02 1.572121582031250000e+02 1.571814575195312500e+02
5.325513440929420250e-01 1.540482482910156250e+02 1.540510864257812500e+02 1.540557556152343750e+02
5.375354215151334492e-01 1.510065460205078125e+02 1.510252532958984375e+02 1.510923919677734375e+02
5.425197873513278868e-01 1.480503387451171875e+02 1.480592498779296875e+02 1.480890197753906250e+02
5.475430799030182039e-01 1.451585388183593750e+02 1.451542358398437500e+02 1.451356811523437500e+02
5.525618342687830253e-01 1.423520050048828125e+02 1.423424530029296875e+02 1.423103485107421875e+02
5.575173890759229645e-01 1.396564178466796875e+02 1.396528778076171875e+02 1.396500701904296875e+02
5.625128104377400406e-01 1.370098114013671875e+02 1.370213623046875000e+02 1.370753326416015625e+02
5.675211025354660599e-01 1.344136047363281250e+02 1.344210968017578125e+02 1.344455871582031250e+02
5.725338153000835151e-01 1.318750152587890625e+02 1.318696899414062500e+02 1.318411102294921875e+02
5.775217787502759936e-01 1.294142150878906250e+02 1.294072265625000000e+02 1.293709259033203125e+02
5.824795089383810742e-01 1.270353393554687500e+02 1.270407333374023438e+02 1.270448684692382812e+02
5.874643608027005914e-01 1.247063522338867188e+02 1.247228469848632812e+02 1.247712860107421875e+02
5.924783073225406982e-01 1.224183731079101562e+02 1.224202423095703125e+02 1.224223175048828125e+02
5.975031661170022712e-01 1.201890029907226562e+02 1.201782379150390625e+02 1.201423492431640625e+02
6.025169102527073717e-01 1.180290756225585938e+02 1.180199737548828125e+02 1.179947891235351562e+02
6.075039289265645737e-01 1.159392166137695312e+02 1.159413833618164062e+02 1.159495849609375000e+02
6.124897488371013887e-01 1.139019241333007812e+02 1.139123840332031250e+02 1.139444427490234375e+02
6.174888536220931590e-01 1.119035339355468750e+02 1.119042663574218750e+02 1.119009017944335938e+02
6.225154333881439683e-01 1.099443435668945312e+02 1.099407577514648438e+02 1.099217300415039062e+02
6.275393455706927970e-01 1.080336837768554688e+02 1.080322036743164062e+02 1.080235671997070312e+02
6.324938074420252132e-01 1.061927642822265625e+02 1.061949691772460938e+02 1.062070617675781250e+02
6.374746983557371127e-01 1.043841552734375000e+02 1.043885116577148438e+02 1.044105224609375000e+02
6.425185180161693266e-01 1.025923233032226562e+02 1.025896224975585938e+02 1.025852661132812500e+02
6.475465883418743962e-01 1.008496856689453125e+02 1.008422012329101562e+02 1.008174972534179688e+02
6.525327598777618254e-01 9.916629791259765625e+01 9.916347503662109375e+01 9.914903259277343750e+01
6.575034036261661052e-01 9.752947235107421875e+01 9.753628540039062500e+01 9.755672454833984375e+01
6.624871539083315719e-01 9.592559814453125000e+01 9.593407440185546875e+01 9.595968627929687500e+01
6.675080281409080385e-01 9.434520721435546875e+01 9.434369659423828125e+01 9.433665466308593750e+01
6.725274150810139906e-01 9.280351257324218750e+01 9.279601287841796875e+01 9.277319335937500000e+01
6.774702720459898631e-01 9.132226562500000000e+01 9.131699371337890625e+01 9.130102539062500000e+01
6.824516204196048319e-01 8.986392211914062500e+01 8.986713409423828125e+01 8.988137817382812500e+01
6.874991156340548581e-01 8.841578674316406250e+01 8.841963195800781250e+01 8.843563079833984375e+01
6.925179843491254816e-01 8.700597381591796875e+01 8.700526428222656250e+01 8.700077056884765625e+01
6.975240772578396031e-01 8.563005828857421875e+01 8.562527465820312500e+01 8.560621643066406250e+01
7.025117120978411345e-01 8.429094696044921875e+01 8.428839874267578125e+01 8.427719879150390625e+01
7.074842597026734792e-01 8.298593139648437500e+01 8.299045562744140625e+01 8.300527191162109375e+01
7.124951287047852633e-01 8.169699096679687500e+01 8.169878387451171875e+01 8.171044921875000000e+01
7.175342657871800478e-01 8.042887878417968750e+01 8.042462921142578125e+01 8.041474151611328125e+01
7.225361088901740558e-01 7.919956207275390625e+01 7.919541168212890625e+01 7.918257141113281250e+01
7.275243973558177535e-01 7.800105285644531250e+01 7.799996948242187500e+01 7.799705505371093750e+01
7.325009880607316060e-01 7.683153533935546875e+01 7.683579254150390625e+01 7.684992980957031250e+01
7.375145445772817165e-01 7.567662048339843750e+01 7.568039703369140625e+01 7.569192504882812500e+01
7.425372879286608052e-01 7.454340362548828125e+01 7.454436492919921875e+01 7.454495239257812500e+01
7.475121310831384092e-01 7.344438171386718750e+01 7.344400787353515625e+01 7.344018554687500000e+01
7.525015657952081050e-01 7.236471557617187500e+01 7.236478424072265625e+01 7.236589050292968750e+01
7.575213151949604651e-01 7.130093383789062500e+01 7.130384063720703125e+01 7.131878662109375000e+01
7.625056537464063311e-01 7.026426696777343750e+01 7.026542663574218750e+01 7.027355957031250000e+01
7.674988029338194462e-01 6.924638366699218750e+01 6.924384307861328125e+01 6.923548126220703125e+01
7.725368305190282170e-01 6.824130249023437500e+01 6.823911285400390625e+01 6.822952270507812500e+01
7.775265667426451976e-01 6.726696777343750000e+01 6.726869201660156250e+01 6.727050781250000000e+01
7.825125210310320822e-01 6.631325531005859375e+01 6.631805419921875000e+01 6.633261871337890625e+01
7.874892984985437661e-01 6.537873840332031250e+01 6.538022613525390625e+01 6.538539123535156250e+01
7.924685856909093884e-01 6.446234893798828125e+01 6.445959472656250000e+01 6.444998168945312500e+01
7.975120509671720370e-01 6.355346298217773438e+01 6.355010604858398438e+01 6.354018402099609375e+01
8.025133283163758957e-01 6.267064285278320312e+01 6.267078399658203125e+01 6.267366027832031250e+01
