7.596226801213465558e-03 nan nan nan
1.659868253045715392e-02 9.316947265625000000e+03 1.008109960937500000e+04 1.324176464843750000e+04
2.586445535064502838e-02 8.114245222929936972e+03 7.713784235668790643e+03 5.687738057324841066e+03
3.529679113105960164e-02 6.764561643835616451e+03 7.224359589041095205e+03 8.777829623287670984e+03
4.513097325575825269e-02 5.197083175803402810e+03 4.788173440453686453e+03 3.468034499054820571e+03
5.555287376500484681e-02 4.538656707317073597e+03 4.731222560975609667e+03 5.426075609756097947e+03
6.539609960466623295e-02 3.946753250000000207e+03 3.839738249999999880e+03 3.509873500000000149e+03
7.523296917119864924e-02 3.551921780175320237e+03 3.636544167228590595e+03 3.770884018880647091e+03
8.527687392779625952e-02 2.989412946428571104e+03 2.989758928571428442e+03 3.104816964285714221e+03
9.513029164678916960e-02 2.430947666812036914e+03 2.354314871347579810e+03 2.121040122110771790e+03
1.052419212149728195e-01 2.059305126404494331e+03 2.108833216292134694e+03 2.262221032303370521e+03
1.151206348008374791e-01 1.808295018564356496e+03 1.802624226485148483e+03 1.724946163366336577e+03
1.250947655921243185e-01 1.666350993377483292e+03 1.668438189845474426e+03 1.709748589649251699e+03
1.351558694514480297e-01 1.519347869068541286e+03 1.514289543057996298e+03 1.512614455184534108e+03
1.451183503331893165e-01 1.343860702994234771e+03 1.338289473684210634e+03 1.293960758787427949e+03
1.550676859827954668e-01 1.171270421827921155e+03 1.189281386006026196e+03 1.246762972882490885e+03
1.650358671301104252e-01 1.017422663417431295e+03 9.993284116972478159e+02 9.473643205275229775e+02
1.750550386343222298e-01 9.310818323182584209e+02 9.400965401062589990e+02 9.796405986782428954e+02
1.850940391027394993e-01 8.660481996353692011e+02 8.689053099361896102e+02 8.676682999088423003e+02
1.950992635784380702e-01 8.043879409609546656e+02 8.030580445933214833e+02 7.981088663247147679e+02
2.050639226082118238e-01 7.343502345215759988e+02 7.341536585365853398e+02 7.458765478424014645e+02
2.150232007997887052e-01 6.578503618194348519e+02 6.504340541006203011e+02 6.174613197794624284e+02
2.250205723012609627e-01 5.993932519131174104e+02 6.056098013449795872e+02 6.272142305016619730e+02
2.351001704350387245e-01 5.516314180059736145e+02 5.518792134831461453e+02 5.477197055895320545e+02
2.450738893128198981e-01 5.168765640516385247e+02 5.137471367096987933e+02 5.087481297583581750e+02
2.550521915705782905e-01 4.862647344166868493e+02 4.883750000000000000e+02 4.968167596410380611e+02
2.650604174180729578e-01 4.493967229672857684e+02 4.454160260366982698e+02 4.280221368048930799e+02
2.750125389809719434e-01 4.179197729672650325e+02 4.231282206969376603e+02 4.414602428722280933e+02
2.850268845507017978e-01 3.842773804952965975e+02 3.809341764254175473e+02 3.728667210597043322e+02
2.950518444391626027e-01 3.600696159278327286e+02 3.608963278509271504e+02 3.631743587407171390e+02
3.050598860023833736e-01 3.395803812986134744e+02 3.411815607034155846e+02 3.457910466689211830e+02
3.149891370984938543e-01 3.195478222186274024e+02 3.173996845553443222e+02 3.080965139321389188e+02
3.250378646326326226e-01 3.015073905109489374e+02 3.024727554744525833e+02 3.082273722627737698e+02
3.350922015436197388e-01 2.815253950740319056e+02 2.800011389521640126e+02 2.740616457858769763e+02
3.450584028013325422e-01 2.655339519398754078e+02 2.671429937040577443e+02 2.720530705079605696e+02
3.550603930123342189e-01 2.499318368248359263e+02 2.499577233720343088e+02 2.499431316254416799e+02
3.650295308981305609e-01 2.367999350054654428e+02 2.357512629619781990e+02 2.325724541345387024e+02
3.750721447144806930e-01 2.250317178770949624e+02 2.258334636871508394e+02 2.294034636871508326e+02
3.850647366901044921e-01 2.130060110313805239e+02 2.122813269786869341e+02 2.094215352897076059e+02
3.950397327167278760e-01 2.024113064373339910e+02 2.039231314025546737e+02 2.080632224611103993e+02
4.050307389847344064e-01 1.913099850429412356e+02 1.905705152947988097e+02 1.887879595676927522e+02
4.150176998549017227e-01 1.819005243994595844e+02 1.814714786232796655e+02 1.799819780622409553e+02
4.250356124837239569e-01 1.735888680397975179e+02 1.742834264269505979e+02 1.767008967533600980e+02
4.350008348468808461e-01 1.652171744802625994e+02 1.644447857924417065e+02 1.607811947647504383e+02
4.450186343113535781e-01 1.580532298418076778e+02 1.587083981797048864e+02 1.618034613187289494e+02
4.550579172953536644e-01 1.504279810194397839e+02 1.500920040563294151e+02 1.490806099801010305e+02
4.650570812217838523e-01 1.437320320884797979e+02 1.438676986884470637e+02 1.439707947537882262e+02
4.750553104852955344e-01 1.374451045878010120e+02 1.377820179293373144e+02 1.388545790121286814e+02
4.849982048483538755e-01 1.313902469906977615e+02 1.306855637904546370e+02 1.285711849813448566e+02
4.949997103289652256e-01 1.261339817483189307e+02 1.265467178994556576e+02 1.283982869036183274e+02
5.050400615512790070e-01 1.207376353232292132e+02 1.206163161150634124e+02 1.196862743581812651e+02
5.150364501200404010e-01 1.158074733626406356e+02 1.158067059086506134e+02 1.154872885776022571e+02
5.250511375951598669e-01 1.111928310606492829e+02 1.112163519141895307e+02 1.118697295601072597e+02
5.350611041823150060e-01 1.065844713549937097e+02 1.062008740558677715e+02 1.046477057759489639e+02
5.450809173230397597e-01 1.026590680700269758e+02 1.030008462474215776e+02 1.042372203416723977e+02
5.550666394094302403e-01 9.862091270969575874e+01 9.850266239305192073e+01 9.777107297024839738e+01
5.650247814597439966e-01 9.501080713888717355e+01 9.509370715741370361e+01 9.590721916877663489e+01
5.750209303354080204e-01 9.148100220264316818e+01 9.155081641447998209e+01 9.187347969737598419e+01
5.849942635311128347e-01 8.794819614144192599e+01 8.760820261475683424e+01 8.626587407090590887e+01
5.950117647342185734e-01 8.499922298197317616e+01 8.542280880916436558e+01 8.663623346061628183e+01
6.050242718203997505e-01 8.178814685919329008e+01 8.144870520081276766e+01 8.049003501794129534e+01
6.150020752393159373e-01 7.913143648429743848e+01 7.942915294978314478e+01 8.051240006270576544e+01
6.250268338486723030e-01 7.623722099336416136e+01 7.614669716468932847e+01 7.570280514779811654e+01
6.350319376469965027e-01 7.365635959957167245e+01 7.360282834435264476e+01 7.329187747443290846e+01
6.450442761672270375e-01 7.125519633754956317e+01 7.141510760808004932e+01 7.213757315461582209e+01
6.550363467053897937e-01 6.876112550907070897e+01 6.843003517215845477e+01 6.725679378008145193e+01
6.650247684263519421e-01 6.667670370139748570e+01 6.699880800946476711e+01 6.802207851125719174e+01
6.749918733784183722e-01 6.439961636828644487e+01 6.430278001611604566e+01 6.399370248397155336e+01
6.849838443895439610e-01 6.240853328221754026e+01 6.236949220345198341e+01 6.229055996799706918e+01
6.950359556892250490e-01 6.048198941418629460e+01 6.064108292220733887e+01 6.120914333322442502e+01
7.050105701058355656e-01 5.847745489382085537e+01 5.821905636276544982e+01 5.724545744850710349e+01
7.150266509592753117e-01 5.679720780863180352e+01 5.701453196495773312e+01 5.774954587609506973e+01
7.250500455339384809e-01 5.499634091251317614e+01 5.486264869748531225e+01 5.448093660593283971e+01
7.350460892200091356e-01 5.339642703526307344e+01 5.340529565718201610e+01 5.347609518185596045e+01
7.450354121460555090e-01 5.181303962490708415e+01 5.186577277145634923e+01 5.201814712104751948e+01
7.550326069244838179e-01 5.026191379179567065e+01 5.017454368677639565e+01 4.968419056550430923e+01
7.650453785955906305e-01 4.887860810810811074e+01 4.901576689189189295e+01 4.967436486486486302e+01
7.750260135388538085e-01 4.741319810326660189e+01 4.725503490516333471e+01 4.681468980505795940e+01
7.849915722007819729e-01 4.614483313487593819e+01 4.629376307405143365e+01 4.667282850062755983e+01
7.950129406502104423e-01 4.482222291060033825e+01 4.485394337401648102e+01 4.485925283439688371e+01
8.050563411982313289e-01 4.353126730395944577e+01 4.335443985371879450e+01 4.288193451421130220e+01
8.150451896059196510e-01 4.242153437008061445e+01 4.251418570815246056e+01 4.288983864427801507e+01
8.250456424548905376e-01 4.122815679925994203e+01 4.120889222941720220e+01 4.095904255319148746e+01
8.350306570384318228e-01 4.015920830082518478e+01 4.022948569736384883e+01 4.048652881313462615e+01
8.450224782145132618e-01 3.906471699568167821e+01 3.897492178549396158e+01 3.881759771305190299e+01
8.550386929401302405e-01 3.805897345897346185e+01 3.804645354645354871e+01 3.797291357291356917e+01
8.650409675609206372e-01 3.708421160906443959e+01 3.713539688568173602e+01 3.728624667679453353e+01
8.750144769099514885e-01 3.610722323049001403e+01 3.605825771324863638e+01 3.582957220637801043e+01
8.849865889438263133e-01 3.523680352275533068e+01 3.529456471904111936e+01 3.560597739834039999e+01
8.950162344926836377e-01 3.431898208996214095e+01 3.428812503678129531e+01 3.419714773329148727e+01
9.050183282761514736e-01 3.346550656338150986e+01 3.345968830590728516e+01 3.335459194782196590e+01
9.150119032364986138e-01 3.266415458482395451e+01 3.273568301638109546e+01 3.294136226699303194e+01
9.250146467274448225e-01 3.182034136249445666e+01 3.169752567607506677e+01 3.131546013743165346e+01
9.350152028654027392e-01 3.110936971473672230e+01 3.117836283684744458e+01 3.144096741459014410e+01
9.450189624043290326e-01 3.033634260078575906e+01 3.033952146674689487e+01 3.027573399285031641e+01
9.550021193721657253e-01 2.961966900201721842e+01 2.961358696831008430e+01 2.958193176149057280e+01
9.650081686798639424e-01 2.893371324213267570e+01 2.893810135786394255e+01 2.905694404518321861e+01
9.750165466658101687e-01 2.824270348197111247e+01 2.818730603206521224e+01 2.796751517468020154e+01
9.850258225806778345e-01 2.762832772959100680e+01 2.771931748042750954e+01 2.803746589026410518e+01
9.950310133052534534e-01 2.695309006707122634e+01 2.689766448419035783e+01 2.667127315554136047e+01
1.005029832819006153e+00 2.636937821265900084e+01 2.637289872098605414e+01 2.642168625323461484e+01
1.015016274060724255e+00 2.578320041875789315e+01 2.581700896018721281e+01 2.593506173599778464e+01
1.024999464384455772e+00 2.518904326488344125e+01 2.514218767001474575e+01 2.493839134627290122e+01
1.035020628383282570e+00 2.464949727491376308e+01 2.468584646842062824e+01 2.480645635816680183e+01
1.045036536103622460e+00 2.410028051756754763e+01 2.405836714947940180e+01 2.394900501104741153e+01
1.055047677570376763e+00 2.359493895073907410e+01 2.362562120766666851e+01 2.375526808896508513e+01
1.065026755064235608e+00 2.308971823591179628e+01 2.311869443472173558e+01 2.318147182359118119e+01
1.074998097997463598e+00 2.258011124283805771e+01 2.255673863057879558e+01 2.245382875572699177e+01
1.085013296608445144e+00 2.211256737057493993e+01 2.211047102563759736e+01 2.217459845131264018e+01
1.095016911988316854e+00 2.164561529121408512e+01 2.161999960405970711e+01 2.149351977721759610e+01
1.105004335038441532e+00 2.121693427116177588e+01 2.127882771444740939e+01 2.147516694963214334e+01
1.115011102524638087e+00 2.075893667095922979e+01 2.074071125433749785e+01 2.066678191033830814e+01
1.125011933952500209e+00 2.032653093074721440e+01 2.028105013780639609e+01 2.016160648236296637e+01
1.135010566417244515e+00 1.994447116562913536e+01 1.998287461398950882e+01 2.012338243223371137e+01
1.145015986809932995e+00 1.951587210841778486e+01 1.948270316298775029e+01 1.932191343908721137e+01
1.155006019462246458e+00 1.914861175814295535e+01 1.918320578975635726e+01 1.932042764436558002e+01
1.165010107238552806e+00 1.875256871158529748e+01 1.872065986315667629e+01 1.863799866635741864e+01
1.175012884820976433e+00 1.839431473303203646e+01 1.840286355416593622e+01 1.843309823836394301e+01
1.185014033703326808e+00 1.804316720347447500e+01 1.806718187123346198e+01 1.813950643608246338e+01
1.195018056000012541e+00 1.767049514705515989e+01 1.762987543139593782e+01 1.745502550321453938e+01
1.205019499588213083e+00 1.735623296373923452e+01 1.738209278585623707e+01 1.750364888198690139e+01
1.215029452980335156e+00 1.700717157245346201e+01 1.698254284767291367e+01 1.689971025029669960e+01
1.225028145277843539e+00 1.670215879215013288e+01 1.672256375976693477e+01 1.677925738392182708e+01
1.235025273465557349e+00 1.638698874937842120e+01 1.640769517652909215e+01 1.645869333250455924e+01
1.245018955682119621e+00 1.606367932338967464e+01 1.601998624361538148e+01 1.588576341565935124e+01
1.255025290353654288e+00 1.578844594188677597e+01 1.581167521076556426e+01 1.592055990548090527e+01
1.265022134645927609e+00 1.548963318172829773e+01 1.549234724144749897e+01 1.547410643662250429e+01
1.275016753828830618e+00 1.521489305442010220e+01 1.522901176316472593e+01 1.528028911816291924e+01
1.285024524456789496e+00 1.492819070109854351e+01 1.491425692924000579e+01 1.488617546107292000e+01
1.295010520710187185e+00 1.466363554823313997e+01 1.465702649051954332e+01 1.461872818125812934e+01
1.305022138231467732e+00 1.440819874486641261e+01 1.442523187670158435e+01 1.447709150477596829e+01
1.315023669166421882e+00 1.414249747775841648e+01 1.412217623589837778e+01 1.405021668348161157e+01
1.325002876192312273e+00 1.390617603093073384e+01 1.392218538208220657e+01 1.399478043900958824e+01
1.335014490550006983e+00 1.365465993012868751e+01 1.365205302259762021e+01 1.362936253482510018e+01
1.345019054595264718e+00 1.342084300491094062e+01 1.341805890072648566e+01 1.340507078175461686e+01
1.355008540804860218e+00 1.319299974581346113e+01 1.320740329063861118e+01 1.326237866901035289e+01
1.365007603159965388e+00 1.295505325674063712e+01 1.292150658623869397e+01 1.281215683454454712e+01
1.375012733590943004e+00 1.274913246855263793e+01 1.276851795753535335e+01 1.284024677378581991e+01
1.385000989524411308e+00 1.253011079121259996e+01 1.253649386647307828e+01 1.253965549955040082e+01
1.394991877142927494e+00 1.231844260882086317e+01 1.231785041402933878e+01 1.231594504756824904e+01
1.405010636294873105e+00 1.211095309659725139e+01 1.210531739324552625e+01 1.210064738335937662e+01
1.415013546073994544e+00 1.190952113611563590e+01 1.189582773235494173e+01 1.183551409074375727e+01
1.425006830982540995e+00 1.172264671558642490e+01 1.174760045282168797e+01 1.183178606311153658e+01
1.435006467930504126e+00 1.152466865861948442e+01 1.151724780225899636e+01 1.149115142809959167e+01
1.444995800670472841e+00 1.133371276223610913e+01 1.132530229831809621e+01 1.130563754455295822e+01
1.455015590640238665e+00 1.115994597687483214e+01 1.116951613262788712e+01 1.120854078114317964e+01
1.465013815563213084e+00 1.097083403360956488e+01 1.095769992963378137e+01 1.089890073561324790e+01
1.475006051151538600e+00 1.080638644509612156e+01 1.081986169943159126e+01 1.087371927156873319e+01
1.485017014907060062e+00 1.062471707303097190e+01 1.060843713291121126e+01 1.055969221843394479e+01
1.495020287276764837e+00 1.046398097660708260e+01 1.046772514866435699e+01 1.048143437511576437e+01
1.505030877892667984e+00 1.030262937823184188e+01 1.031345038816954052e+01 1.034352133190237844e+01
1.515019813035374474e+00 1.013600700628048301e+01 1.012726208557523400e+01 1.008576832037183024e+01
1.525010512567590126e+00 9.984623281859834165e+00 9.991186153062955100e+00 1.002625742406244669e+01
1.535004235628180558e+00 9.824814223093394361e+00 9.809728030664096821e+00 9.760148084500801957e+00
1.545009540374924661e+00 9.684428088218075104e+00 9.700549672554798164e+00 9.749776123464405586e+00
1.555010696055488140e+00 9.533235030195056581e+00 9.537209184274992424e+00 9.550635668155678104e+00
1.564999882227454453e+00 9.385374390049536331e+00 9.373152037246621049e+00 9.333777128809623846e+00
1.575013473793481777e+00 9.249931648821180019e+00 9.257485248861872407e+00 9.292486615885449552e+00
1.585013465957951562e+00 9.106719230793432374e+00 9.099125644204207219e+00 9.054671621034879436e+00
1.595010302882553965e+00 8.979798575166704211e+00 8.993351243277954765e+00 9.041800383740211444e+00
1.605012618548472769e+00 8.835579262801722678e+00 8.813994428286219929e+00 8.740516782201172674e+00
